0 0.137907 0.500894 0.082607 0.261181
0 0.240018 0.305903 0.121616 0.157424
0 0.487838 0.279964 0.208812 0.166369
0 0.654199 0.305903 0.279945 0.304114
0 0.859569 0.436494 0.185865 0.461538
0 0.735659 0.529517 0.135383 0.364937
0 0.695503 0.656530 0.183571 0.228980
0 0.635842 0.826476 0.298302 0.311270
0 0.478660 0.750447 0.117026 0.220036
0 0.397200 0.676208 0.114732 0.193202
0 0.300826 0.650268 0.142267 0.220036
0 0.330656 0.413238 0.156035 0.286225
0 0.212482 0.497317 0.117026 0.175313
0 0.459155 0.507156 0.211106 0.266547
0 0.569298 0.547406 0.192749 0.239714