0 0.410082 0.466038 0.124320 0.074267
0 0.492962 0.417520 0.047222 0.033610
0 0.505972 0.483927 0.050114 0.034152
0 0.560904 0.546539 0.044331 0.037947
0 0.625955 0.543557 0.078061 0.052583
0 0.579215 0.482301 0.071315 0.042825
0 0.612463 0.453299 0.083844 0.028189
0 0.560422 0.425381 0.054932 0.036320
0 0.624510 0.405323 0.067461 0.038489
0 0.561386 0.397734 0.054932 0.035236
0 0.587888 0.363582 0.071315 0.034152
0 0.738711 0.422128 0.037585 0.069930
0 0.783042 0.416707 0.051077 0.046078
0 0.690043 0.460888 0.079025 0.039031
0 0.730519 0.519976 0.125284 0.083482
0 0.829783 0.524042 0.061678 0.058004
0 0.746903 0.477151 0.042404 0.027105