0 0.507147 0.401461 0.107335 0.098390
0 0.651585 0.401461 0.102034 0.064103
0 0.190444 0.386926 0.215994 0.143858
0 0.297779 0.453637 0.112635 0.083482
0 0.364697 0.509914 0.161664 0.038014
0 0.305067 0.571035 0.106009 0.060376
0 0.360722 0.556500 0.135162 0.068575
0 0.487933 0.547555 0.121911 0.064103
0 0.550876 0.514386 0.104684 0.079756
0 0.718504 0.524448 0.084808 0.064103
0 0.674775 0.620975 0.270324 0.149821
0 0.458118 0.642964 0.120586 0.068575
0 0.667222 0.758497 0.083482 0.070066
0 0.625480 0.694395 0.135162 0.046213