0 0.524109 0.449337 0.046481 0.026604
0 0.546942 0.497271 0.038326 0.021559
0 0.484968 0.491308 0.048112 0.030733
0 0.460504 0.445438 0.048112 0.038989
0 0.328400 0.442915 0.090516 0.060548
0 0.370396 0.467685 0.052189 0.031191
0 0.397714 0.492684 0.072576 0.016054
0 0.391598 0.508738 0.052189 0.022476
0 0.368357 0.514242 0.049743 0.026146
0 0.434001 0.542223 0.057082 0.030733
0 0.521255 0.531902 0.112533 0.056878
0 0.506169 0.565158 0.048112 0.021559
0 0.504946 0.583505 0.026095 0.026146
0 0.467028 0.550938 0.026910 0.027980
0 0.452757 0.505298 0.063606 0.029356