0 0.486698 0.441373 0.067461 0.030357
0 0.408154 0.437578 0.060714 0.050957
0 0.243840 0.431615 0.127211 0.062883
0 0.287689 0.469561 0.072279 0.042283
0 0.292508 0.534342 0.060714 0.041741
0 0.326720 0.525668 0.092517 0.036320
0 0.322383 0.500190 0.097336 0.022226
0 0.437066 0.503171 0.066497 0.047704
0 0.401408 0.521331 0.089626 0.038489
0 0.523801 0.507779 0.047222 0.029815
0 0.552713 0.555212 0.166724 0.092156
0 0.378279 0.573372 0.066497 0.037404
0 0.424538 0.581775 0.060714 0.029273
0 0.505972 0.634900 0.046259 0.046620