0 0.127779 0.127013 0.253848 0.214669
0 0.361586 0.143113 0.245831 0.157424
0 0.612762 0.117174 0.224455 0.202147
0 0.875961 0.127907 0.227127 0.187835
0 0.118427 0.379249 0.197734 0.221825
0 0.381627 0.362254 0.259192 0.212880
0 0.614098 0.372093 0.200406 0.157424
0 0.878634 0.376565 0.200406 0.184258
0 0.123771 0.637746 0.181701 0.252236
0 0.369602 0.624329 0.165669 0.175313
0 0.612762 0.643113 0.213766 0.205725
0 0.869281 0.615385 0.149636 0.232558
0 0.137132 0.886404 0.235143 0.205725
0 0.360250 0.862254 0.211094 0.225403
0 0.634138 0.872093 0.224455 0.212880
0 0.866609 0.865832 0.192390 0.114490