0 0.459117 0.052773 0.120244 0.076923
0 0.449765 0.137746 0.080162 0.075134
0 0.642155 0.136852 0.165669 0.066190
0 0.456445 0.209302 0.088179 0.050089
0 0.610090 0.208408 0.080162 0.048301
0 0.464461 0.279070 0.114899 0.064401
0 0.592721 0.272809 0.082834 0.051878
0 0.455109 0.366726 0.117571 0.093023
0 0.587377 0.351521 0.104211 0.076923
0 0.433732 0.464222 0.133604 0.080501
0 0.608754 0.459750 0.141620 0.078712
0 0.447093 0.555456 0.133604 0.073345
0 0.619442 0.555456 0.130932 0.087657
0 0.484502 0.636852 0.101539 0.075134
0 0.612762 0.630590 0.085507 0.062612
0 0.493854 0.710197 0.120244 0.067979
0 0.611426 0.710197 0.088179 0.064401
0 0.493854 0.792487 0.109555 0.085868
0 0.507215 0.881932 0.114899 0.067979
0 0.624786 0.795170 0.114899 0.084079
0 0.561992 0.957066 0.203078 0.057245