0 0.532503 0.058140 0.356893 0.116279
0 0.362022 0.125224 0.360080 0.121646
0 0.194729 0.182469 0.305909 0.118068
0 0.690237 0.297853 0.334588 0.202147
0 0.441686 0.347048 0.264484 0.175313
0 0.252086 0.386404 0.216685 0.175313
0 0.087805 0.426655 0.175609 0.177102
0 0.752375 0.534884 0.235805 0.139535
0 0.479925 0.560823 0.264484 0.127013
0 0.283952 0.594812 0.184820 0.119857
0 0.124624 0.617174 0.191193 0.121646
0 0.175609 0.803220 0.216685 0.182469
0 0.363616 0.806798 0.223058 0.200358
0 0.554809 0.802326 0.286789 0.223614
0 0.836818 0.813059 0.270857 0.212880