0 0.405083 0.452594 0.068627 0.042369
0 0.437723 0.474249 0.041846 0.025421
0 0.505095 0.456360 0.034314 0.030129
0 0.547359 0.460597 0.035150 0.019772
0 0.578743 0.495904 0.029292 0.018831
0 0.519322 0.490726 0.035987 0.023538
0 0.550707 0.525092 0.085365 0.042369
0 0.493796 0.529093 0.035150 0.016477
0 0.433538 0.508380 0.028455 0.017418
0 0.536898 0.562282 0.022597 0.023538
0 0.539408 0.546041 0.044357 0.010828
0 0.503839 0.502024 0.046867 0.026363
0 0.458646 0.493786 0.055236 0.019301
0 0.456554 0.504849 0.044357 0.023538