0 0.336363 0.464068 0.128308 0.088212
0 0.436158 0.484116 0.042769 0.029610
0 0.494280 0.539325 0.051543 0.032694
0 0.580916 0.535624 0.069089 0.045031
0 0.513472 0.473629 0.065799 0.039479
0 0.563918 0.453581 0.085539 0.037629
0 0.416418 0.416261 0.042769 0.038246
0 0.531018 0.365061 0.063606 0.030843
0 0.503602 0.397755 0.063606 0.024675
0 0.565014 0.405774 0.067992 0.037012
0 0.692774 0.426439 0.029610 0.054901
0 0.719642 0.424280 0.028513 0.041947
0 0.767894 0.508790 0.037286 0.050583
0 0.642876 0.456974 0.072379 0.032077
0 0.660423 0.511875 0.105278 0.081426