0 0.357166 0.466309 0.128271 0.078712
0 0.450454 0.483005 0.049824 0.028623
0 0.438263 0.420394 0.042404 0.035778
0 0.508229 0.545617 0.046644 0.028623
0 0.593037 0.539058 0.072086 0.040549
0 0.543212 0.476744 0.074207 0.041145
0 0.571305 0.454681 0.079507 0.035182
0 0.525190 0.403697 0.055125 0.033393
0 0.548513 0.370900 0.048764 0.029815
0 0.578195 0.409958 0.059365 0.033989
0 0.712297 0.429040 0.028623 0.049493
0 0.737209 0.423375 0.029683 0.034586
0 0.655582 0.464520 0.074207 0.031008
0 0.792334 0.515504 0.044524 0.044723
0 0.704876 0.477639 0.047704 0.026237