0 0.488915 0.772537 0.045991 0.060797
0 0.494222 0.656709 0.075472 0.105870
0 0.581191 0.718029 0.043042 0.031447
0 0.573821 0.685535 0.047170 0.033543
0 0.591509 0.568134 0.038915 0.073375
0 0.634257 0.537736 0.025354 0.056604
0 0.583255 0.422432 0.034198 0.035639
0 0.545224 0.352201 0.099646 0.111111
0 0.523408 0.440252 0.022995 0.037736
0 0.462087 0.494759 0.032429 0.037736
0 0.464151 0.577568 0.047170 0.071279
0 0.522818 0.524109 0.041863 0.064990
0 0.548467 0.560273 0.030660 0.087002
0 0.541097 0.636268 0.038325 0.079665