0 0.260146 0.447721 0.160111 0.090062
0 0.355554 0.391278 0.048253 0.042564
0 0.502505 0.333292 0.087732 0.038863
0 0.468509 0.371538 0.059219 0.032694
0 0.554596 0.382641 0.080055 0.053667
0 0.707030 0.405157 0.031803 0.071556
0 0.749251 0.400531 0.043866 0.046265
0 0.540888 0.439085 0.094312 0.029610
0 0.493732 0.467769 0.078959 0.047499
0 0.385164 0.472395 0.063606 0.035778
0 0.453156 0.548887 0.059219 0.041947
0 0.553499 0.540250 0.091022 0.064154
0 0.638490 0.451730 0.105278 0.038863
0 0.702095 0.519894 0.135984 0.094997
0 0.807922 0.515576 0.062509 0.059219
0 0.713610 0.465610 0.080055 0.030843