0 0.449871 0.095668 0.315884 0.093334
0 0.333493 0.168391 0.271549 0.067667
0 0.535769 0.206502 0.213360 0.073890
0 0.246902 0.238003 0.267393 0.076223
0 0.147149 0.303337 0.209204 0.054445
0 0.568327 0.311115 0.281248 0.082445
0 0.393067 0.280392 0.171797 0.067667
0 0.332800 0.336393 0.223058 0.050556
0 0.227505 0.401727 0.159327 0.066112
0 0.454027 0.380338 0.207818 0.077779
0 0.352889 0.439060 0.199506 0.078556
0 0.269762 0.497783 0.191193 0.062223
0 0.693711 0.430116 0.224444 0.143113
0 0.544082 0.505950 0.171797 0.112779
0 0.433245 0.565062 0.169026 0.105001
0 0.341113 0.607062 0.162098 0.077001
0 0.750515 0.577506 0.135775 0.091001
0 0.585646 0.640507 0.149629 0.075445
0 0.480351 0.696508 0.133004 0.072334
0 0.364665 0.740064 0.126076 0.073890
0 0.436016 0.855954 0.180109 0.109668
0 0.556551 0.826398 0.152400 0.125224
0 0.668773 0.772342 0.177338 0.110446
0 0.818402 0.730341 0.188422 0.149335