0 0.537028 0.366038 0.069340 0.138365
0 0.579953 0.436897 0.038208 0.031866
0 0.517217 0.454927 0.026887 0.041090
0 0.455425 0.513627 0.033491 0.051153
0 0.463443 0.600839 0.050472 0.076310
0 0.518868 0.541719 0.051887 0.070440
0 0.484906 0.792034 0.045283 0.056184
0 0.570755 0.725367 0.044340 0.065409
0 0.536085 0.659958 0.034434 0.090566
0 0.483491 0.700629 0.083019 0.091405
0 0.589151 0.584906 0.030189 0.067925
0 0.628066 0.549686 0.024057 0.059539
0 0.596462 0.523690 0.024057 0.051153
0 0.543632 0.573166 0.019340 0.077987