0 0.405053 0.454153 0.072576 0.038072
0 0.435632 0.473189 0.039142 0.022935
0 0.509024 0.458970 0.048927 0.029356
0 0.557951 0.458511 0.024464 0.015596
0 0.575483 0.495665 0.023648 0.016513
0 0.524109 0.490849 0.038326 0.022476
0 0.459281 0.491766 0.045666 0.013302
0 0.451942 0.504839 0.053820 0.018348
0 0.493122 0.527315 0.028541 0.019265
0 0.510654 0.533508 0.037511 0.016972
0 0.538788 0.546351 0.028541 0.016972
0 0.550612 0.562405 0.017940 0.020641
0 0.550204 0.521123 0.079099 0.041741
0 0.500054 0.499335 0.044035 0.020183