0 0.405041 0.151163 0.159327 0.119857
0 0.769901 0.160107 0.219872 0.127013
0 0.374769 0.273703 0.226245 0.121646
0 0.350869 0.391771 0.261297 0.114490
0 0.323784 0.496422 0.315468 0.080501
0 0.283952 0.617174 0.382386 0.107335
0 0.347683 0.738819 0.382386 0.114490
0 0.295105 0.861360 0.315468 0.123435
0 0.720509 0.847943 0.369640 0.100179
0 0.693423 0.729875 0.347334 0.100179
0 0.698203 0.618068 0.344147 0.098390
0 0.679084 0.499106 0.318655 0.089445
0 0.714136 0.399821 0.318655 0.137746
0 0.734849 0.268336 0.232618 0.125224