0 0.519996 0.502780 0.055373 0.085680
0 0.466674 0.593474 0.026661 0.037371
0 0.514869 0.562483 0.024610 0.033725
0 0.555117 0.555647 0.018970 0.025522
0 0.593827 0.611248 0.024610 0.052867
0 0.569729 0.603956 0.028712 0.009115
0 0.563577 0.630845 0.023585 0.035548
0 0.529225 0.627199 0.020509 0.051955
0 0.511792 0.605323 0.023585 0.035548
0 0.463084 0.630845 0.035890 0.041017
0 0.481030 0.755264 0.036916 0.045575
0 0.549733 0.713335 0.041017 0.041929
0 0.525379 0.673685 0.021021 0.055601
0 0.512305 0.712879 0.016407 0.020964
0 0.478210 0.691459 0.065115 0.061982