0 0.602030 0.603044 0.057424 0.076565
0 0.571524 0.631756 0.038454 0.039194
0 0.598954 0.707866 0.050246 0.036460
0 0.594596 0.752985 0.027174 0.033725
0 0.532045 0.780786 0.026148 0.040106
0 0.536916 0.722450 0.037941 0.038283
0 0.512305 0.629933 0.026661 0.026433
0 0.518970 0.649986 0.032814 0.039194
0 0.539479 0.658190 0.016407 0.048309
0 0.525379 0.691004 0.018970 0.019141
0 0.477441 0.674141 0.025636 0.030991
0 0.487438 0.738857 0.070242 0.091149
0 0.450267 0.736123 0.016407 0.056513
0 0.423349 0.733844 0.037428 0.026433