0 0.440546 0.628756 0.025550 0.031447
0 0.463640 0.631377 0.017689 0.041929
0 0.487716 0.575035 0.021619 0.037561
0 0.496561 0.640112 0.048153 0.097834
0 0.530464 0.676799 0.018671 0.038435
0 0.535623 0.608229 0.030955 0.030573
0 0.528498 0.581150 0.017689 0.027079
0 0.578862 0.598620 0.033903 0.041055
0 0.577879 0.650157 0.017197 0.037561
0 0.513021 0.516073 0.017197 0.029700
0 0.518917 0.536600 0.023094 0.042802
0 0.537343 0.543588 0.020637 0.055031
0 0.560436 0.518693 0.029481 0.038435
0 0.591392 0.491614 0.063876 0.076869