0 0.487853 0.415491 0.047366 0.020539
0 0.491998 0.438018 0.055655 0.020539
0 0.480748 0.472471 0.106573 0.045717
0 0.439895 0.501292 0.055655 0.022527
0 0.473644 0.551315 0.044998 0.021864
0 0.545284 0.555622 0.067496 0.035778
0 0.515089 0.509243 0.026051 0.037103
0 0.553574 0.495660 0.046182 0.020539
0 0.562455 0.455575 0.047366 0.019877
0 0.635872 0.489697 0.037893 0.029815
0 0.597979 0.506261 0.049734 0.021864
0 0.596795 0.489366 0.052102 0.026502
0 0.633503 0.533095 0.049734 0.029153
0 0.665475 0.560922 0.101837 0.063606