0 0.172063 0.480833 0.067370 0.054945
0 0.279397 0.475083 0.108476 0.067723
0 0.367320 0.462625 0.046816 0.050473
0 0.441541 0.454319 0.053667 0.036417
0 0.576851 0.533861 0.137023 0.065167
0 0.523755 0.586890 0.071937 0.044723
0 0.420417 0.604140 0.041107 0.029389
0 0.373601 0.596473 0.061660 0.029389
0 0.397580 0.639918 0.063944 0.034500
0 0.244571 0.571876 0.105051 0.058140
0 0.310228 0.532584 0.099342 0.023000
0 0.375313 0.551431 0.076504 0.030028
0 0.412995 0.522042 0.081072 0.037695
0 0.496350 0.515334 0.042249 0.025556