0 0.601279 0.564925 0.070559 0.049349
0 0.502056 0.560607 0.052919 0.033311
0 0.555526 0.497995 0.062841 0.042564
0 0.471738 0.493369 0.069456 0.019740
0 0.450791 0.441244 0.168680 0.074641
0 0.615060 0.428906 0.080481 0.028993
0 0.569307 0.416261 0.046304 0.033311
0 0.503158 0.362902 0.050714 0.049966
0 0.708771 0.473937 0.034177 0.037629
0 0.672941 0.501388 0.072764 0.018506
0 0.672390 0.467769 0.067251 0.028993
0 0.600728 0.476405 0.069456 0.033928
0 0.706015 0.533773 0.066149 0.046265
0 0.758383 0.571094 0.137810 0.077725