0 0.537174 0.350701 0.087601 0.121437
0 0.515836 0.440022 0.031447 0.053191
0 0.590802 0.423463 0.044362 0.036130
0 0.459400 0.506762 0.029762 0.058210
0 0.461927 0.584542 0.044924 0.083300
0 0.525382 0.528842 0.040431 0.068246
0 0.547844 0.569990 0.037062 0.098354
0 0.598102 0.563968 0.037624 0.084303
0 0.602033 0.507264 0.016285 0.085307
0 0.634041 0.540885 0.027516 0.058210
0 0.497024 0.663828 0.070193 0.093336
0 0.578167 0.698453 0.058401 0.042152
0 0.573956 0.727557 0.043239 0.034123
0 0.488039 0.771716 0.042116 0.032116
0 0.539420 0.631210 0.033693 0.074267