0 0.451263 0.440335 0.038554 0.017363
0 0.452673 0.454541 0.031972 0.015258
0 0.449852 0.480585 0.092155 0.035778
0 0.415059 0.505051 0.022568 0.014206
0 0.437628 0.540303 0.037614 0.014206
0 0.484175 0.543460 0.047958 0.035252
0 0.466309 0.508208 0.032912 0.020520
0 0.486996 0.499526 0.046077 0.016837
0 0.501572 0.470325 0.047018 0.017363
0 0.558463 0.493213 0.029151 0.018941
0 0.536835 0.494528 0.055481 0.019468
0 0.530252 0.510839 0.051719 0.007892
0 0.555642 0.528202 0.032912 0.023677
0 0.588554 0.548985 0.085572 0.053667