0 0.539479 0.371428 0.089212 0.126455
0 0.573575 0.440154 0.037428 0.040319
0 0.515125 0.461688 0.028199 0.043068
0 0.457445 0.525374 0.032814 0.064144
0 0.460008 0.602805 0.042043 0.070558
0 0.481030 0.709559 0.082034 0.100798
0 0.491540 0.803484 0.047683 0.054064
0 0.575113 0.725137 0.058962 0.064144
0 0.533326 0.663742 0.038966 0.091634
0 0.524867 0.546450 0.034352 0.062311
0 0.586393 0.590434 0.037428 0.067809
0 0.634331 0.555613 0.029737 0.058646
0 0.594340 0.529498 0.021534 0.070558
0 0.547683 0.573482 0.037941 0.052232