0 0.185576 0.488283 0.071937 0.065295
0 0.279095 0.485599 0.127888 0.111807
0 0.437356 0.459660 0.092719 0.056351
0 0.540465 0.455635 0.039965 0.042934
0 0.611603 0.528533 0.057550 0.040250
0 0.734695 0.552236 0.179043 0.107335
0 0.641977 0.611270 0.057550 0.055456
0 0.482117 0.668962 0.086324 0.040250
0 0.526877 0.623792 0.092719 0.041145
0 0.450145 0.617084 0.099113 0.029517
0 0.450944 0.567889 0.113501 0.038462
0 0.503698 0.537478 0.081529 0.065295
0 0.355827 0.553131 0.108705 0.033989
0 0.258313 0.605009 0.070338 0.076923