0 0.558255 0.426834 0.051415 0.080503
0 0.532311 0.459119 0.037264 0.036059
0 0.507075 0.489308 0.020755 0.061216
0 0.485377 0.461216 0.026415 0.033543
0 0.488443 0.485954 0.022170 0.031027
0 0.454717 0.526625 0.025472 0.036897
0 0.496698 0.538365 0.022642 0.053669
0 0.508255 0.569811 0.026887 0.037736
0 0.550236 0.547170 0.028774 0.031027
0 0.547877 0.600419 0.020283 0.036897
0 0.500943 0.624738 0.025472 0.028512
0 0.466274 0.601258 0.053302 0.092243
0 0.433255 0.586583 0.022170 0.039413
0 0.417217 0.591614 0.019340 0.032704