0 0.459537 0.464099 0.068544 0.055031
0 0.538399 0.385482 0.043485 0.052411
0 0.554245 0.269523 0.113502 0.169025
0 0.605837 0.367138 0.042748 0.065514
0 0.630528 0.483753 0.049381 0.083857
0 0.669222 0.510613 0.036851 0.082547
0 0.614682 0.559093 0.058962 0.098270
0 0.563827 0.535508 0.035377 0.119235
0 0.533977 0.500131 0.039062 0.077306
0 0.459169 0.566300 0.051592 0.089099
0 0.474278 0.711740 0.086232 0.099581
0 0.490492 0.813286 0.065596 0.082547
0 0.603258 0.748428 0.047907 0.031447
0 0.592939 0.707154 0.064121 0.037998
0 0.546875 0.629193 0.047170 0.086478
0 0.530660 0.712395 0.042748 0.030136