0 0.125825 0.452659 0.116745 0.143076
0 0.170637 0.551549 0.152123 0.168324
0 0.210141 0.693573 0.155660 0.187261
0 0.275590 0.825076 0.147406 0.214613
0 0.434198 0.748278 0.103774 0.162012
0 0.361085 0.590474 0.080189 0.132555
0 0.298585 0.482116 0.080189 0.122035
0 0.257901 0.349560 0.100236 0.138867
0 0.388797 0.324312 0.088443 0.193573
0 0.586910 0.670428 0.109670 0.195677
0 0.498467 0.547341 0.107311 0.164116
0 0.440684 0.414786 0.107311 0.147284
0 0.507311 0.272762 0.061321 0.178844
0 0.689505 0.562070 0.090802 0.244070
0 0.618750 0.447399 0.062500 0.216717
0 0.556840 0.365341 0.075472 0.225134
0 0.795047 0.517884 0.070755 0.248278
0 0.714858 0.410578 0.070755 0.227238
0 0.668278 0.314843 0.069575 0.166220
0 0.601651 0.217005 0.066038 0.109411
0 0.704245 0.118114 0.082547 0.214613
0 0.906486 0.426358 0.083726 0.342961
0 0.825118 0.325364 0.064858 0.246174
0 0.757311 0.233837 0.077830 0.210405