0 0.146462 0.319051 0.125000 0.313504
0 0.275590 0.328520 0.119104 0.328232
0 0.389387 0.334832 0.099057 0.311400
0 0.500236 0.339040 0.103774 0.336648
0 0.611675 0.368497 0.116745 0.277735
0 0.736085 0.392693 0.132075 0.250382
0 0.858726 0.406370 0.132075 0.193573
0 0.845755 0.739862 0.143868 0.225134
0 0.721344 0.723030 0.114387 0.233550
0 0.611675 0.718821 0.097877 0.271423
0 0.503774 0.706197 0.082547 0.313504
0 0.391745 0.700937 0.122642 0.332440
0 0.260849 0.706197 0.106132 0.326128
0 0.142335 0.696729 0.119104 0.328232