0 0.557812 0.907743 0.304565 0.095408
0 0.471340 0.791464 0.244876 0.096260
0 0.442261 0.682852 0.244876 0.083482
0 0.656528 0.831502 0.254059 0.065593
0 0.750652 0.765909 0.255590 0.058778
0 0.604491 0.722464 0.247937 0.072408
0 0.849368 0.697760 0.195901 0.063890
0 0.551690 0.610018 0.246407 0.057075
0 0.681015 0.659000 0.177535 0.057927
0 0.325179 0.566573 0.224980 0.109890
0 0.791210 0.603629 0.165292 0.059630
0 0.649641 0.554221 0.215797 0.073260
0 0.726164 0.507795 0.234163 0.072408
0 0.570056 0.435812 0.169883 0.098816
0 0.673363 0.393219 0.180596 0.109038
0 0.438435 0.498424 0.157639 0.125224
0 0.254777 0.429423 0.231102 0.082631
0 0.384103 0.363404 0.140804 0.098816
0 0.511898 0.314848 0.114786 0.086890
0 0.636631 0.262884 0.134682 0.081779
0 0.557047 0.133827 0.192840 0.130335
0 0.447618 0.178550 0.215797 0.131187
0 0.336658 0.224125 0.235693 0.145668
0 0.164479 0.283329 0.185188 0.151631