0 0.145496 0.195886 0.286046 0.277281
0 0.446005 0.195886 0.276404 0.230769
0 0.653308 0.197674 0.208910 0.212880
0 0.807580 0.202147 0.189626 0.189624
0 0.230667 0.459750 0.282832 0.164580
0 0.491001 0.434705 0.244264 0.139535
0 0.698304 0.405188 0.157486 0.141324
0 0.862218 0.387299 0.170342 0.119857
0 0.351192 0.719141 0.350326 0.246869
0 0.595456 0.655635 0.318186 0.223614
0 0.748121 0.601968 0.224980 0.162791
0 0.902986 0.590340 0.194027 0.189624
0 0.449219 0.939177 0.411392 0.121646
0 0.645273 0.868515 0.366396 0.144902
0 0.838113 0.813059 0.224980 0.109123