0 0.100839 0.136852 0.201678 0.119857
0 0.398226 0.136852 0.312322 0.205725
0 0.619005 0.135063 0.258473 0.191413
0 0.850554 0.119857 0.204625 0.196780
0 0.128983 0.373882 0.118467 0.246869
0 0.361878 0.354204 0.212702 0.196780
0 0.610928 0.371199 0.236934 0.202147
0 0.854593 0.379249 0.191162 0.239714
0 0.114302 0.627013 0.228603 0.202147
0 0.376687 0.630590 0.296167 0.130590
0 0.614967 0.610912 0.228856 0.177102
0 0.898353 0.622540 0.203294 0.200358
0 0.123598 0.867621 0.177700 0.193202
0 0.380725 0.902504 0.158853 0.177102
0 0.658046 0.862254 0.223472 0.182469
0 0.893633 0.888193 0.210009 0.191413