0 0.286912 0.147585 0.337470 0.116279
0 0.695090 0.152057 0.356754 0.118068
0 0.269235 0.277281 0.385680 0.114490
0 0.277270 0.395349 0.343898 0.107335
0 0.687055 0.393560 0.321400 0.103757
0 0.680627 0.267442 0.359968 0.119857
0 0.654915 0.491950 0.327828 0.075134
0 0.304589 0.505367 0.366396 0.098390
0 0.253165 0.623435 0.276404 0.119857
0 0.256379 0.740608 0.250692 0.125224
0 0.264414 0.862254 0.183198 0.121646
0 0.609919 0.857782 0.218552 0.130590
0 0.621168 0.624329 0.241050 0.121646
0 0.606705 0.729875 0.192840 0.075134