0 0.398494 0.865019 0.129726 0.060172
0 0.542906 0.869898 0.090564 0.053667
0 0.545354 0.956904 0.080773 0.081314
0 0.398494 0.786144 0.119935 0.058546
0 0.535563 0.780452 0.110145 0.060172
0 0.381360 0.721906 0.080773 0.060172
0 0.546578 0.709709 0.112592 0.048788
0 0.411956 0.643031 0.156650 0.097577
0 0.555144 0.618637 0.115040 0.068304
0 0.392375 0.539763 0.132174 0.073183
0 0.528220 0.527565 0.115040 0.068304
0 0.409508 0.446251 0.151755 0.081314
0 0.539235 0.445438 0.102802 0.043910
0 0.404613 0.370629 0.166441 0.063425
0 0.544130 0.364124 0.127278 0.047162
0 0.391151 0.294357 0.124831 0.071556
0 0.518429 0.293544 0.105249 0.056920
0 0.383808 0.200846 0.115040 0.066678
0 0.504967 0.213043 0.093011 0.058546
0 0.387480 0.038218 0.107697 0.076435
0 0.471924 0.117905 0.119935 0.056920
0 0.497624 0.032526 0.083221 0.065051