0 0.507913 0.139535 0.223508 0.089445
0 0.491254 0.230769 0.229061 0.082290
0 0.579408 0.869410 0.433134 0.168157
0 0.694633 0.664580 0.316521 0.259392
0 0.462795 0.739714 0.341509 0.152057
0 0.332994 0.695886 0.242944 0.128801
0 0.179592 0.610912 0.291532 0.248658
0 0.232345 0.476744 0.213790 0.084079
0 0.419065 0.592129 0.276262 0.128801
0 0.462795 0.482111 0.191578 0.130590
0 0.708515 0.494633 0.227673 0.166369
0 0.360064 0.301431 0.241555 0.137746
0 0.296205 0.383721 0.147154 0.076923
0 0.692550 0.232558 0.137437 0.082290
0 0.617585 0.321109 0.162425 0.127013