0 0.539130 0.419192 0.078259 0.121022
0 0.581743 0.487326 0.038057 0.045740
0 0.515009 0.503526 0.033233 0.043835
0 0.453366 0.554031 0.033233 0.051458
0 0.460334 0.632171 0.053602 0.078140
0 0.525193 0.576425 0.041810 0.067658
0 0.550386 0.615495 0.031089 0.086716
0 0.597824 0.621689 0.040202 0.083857
0 0.601308 0.566895 0.031089 0.067658
0 0.636417 0.589766 0.036985 0.065752
0 0.481507 0.833810 0.055210 0.062893
0 0.476147 0.724223 0.084155 0.125786
0 0.521709 0.749952 0.038057 0.051458
0 0.540202 0.690395 0.041810 0.088622
0 0.578795 0.745188 0.063250 0.045740
0 0.583083 0.772346 0.043954 0.039070