0 0.240838 0.662151 0.071662 0.074182
0 0.301161 0.630705 0.041727 0.111272
0 0.361030 0.456539 0.068940 0.095146
0 0.342435 0.531527 0.077104 0.070956
0 0.447660 0.487986 0.068033 0.125786
0 0.482130 0.554104 0.075290 0.103209
0 0.470337 0.714562 0.060776 0.101597
0 0.596880 0.655701 0.052612 0.087083
0 0.601415 0.508144 0.097968 0.088695
0 0.489387 0.373488 0.039006 0.135462
0 0.432239 0.300113 0.057148 0.079020
0 0.447206 0.352524 0.076197 0.129011
0 0.543813 0.311401 0.087990 0.108047
0 0.615929 0.209805 0.143324 0.201580