0 0.415706 0.506173 0.029700 0.030282
0 0.435578 0.506949 0.015287 0.048917
0 0.502839 0.548878 0.024022 0.041152
0 0.551756 0.522478 0.019654 0.038046
0 0.504804 0.480550 0.026205 0.039599
0 0.551319 0.461138 0.037998 0.033388
0 0.494759 0.450656 0.025332 0.049693
0 0.459382 0.437068 0.033194 0.047364
0 0.449555 0.465797 0.024895 0.031835
0 0.484713 0.370293 0.021838 0.036494
0 0.506551 0.402127 0.015723 0.062893
0 0.531883 0.367963 0.031447 0.042705
0 0.564203 0.320599 0.069008 0.079975
0 0.487334 0.389316 0.029700 0.052799