0 0.363915 0.503145 0.041274 0.054507
0 0.445578 0.554507 0.090212 0.148847
0 0.492453 0.529350 0.024764 0.046122
0 0.560259 0.487945 0.027123 0.057652
0 0.561439 0.407233 0.050708 0.045073
0 0.494222 0.439203 0.044811 0.048218
0 0.480955 0.397799 0.035967 0.072327
0 0.463561 0.292453 0.030660 0.046122
0 0.426710 0.378407 0.032429 0.062893
0 0.413443 0.429245 0.035377 0.051363
0 0.495401 0.330713 0.029481 0.074423
0 0.468573 0.328616 0.032429 0.068134
0 0.529599 0.295597 0.042453 0.064990
0 0.570873 0.253669 0.075472 0.109015