0 0.063974 0.168157 0.111006 0.118068
0 0.168415 0.133274 0.124135 0.198569
0 0.378491 0.123435 0.238722 0.150268
0 0.610648 0.121646 0.194558 0.189624
0 0.873242 0.122540 0.173073 0.245080
0 0.120074 0.377460 0.168299 0.214669
0 0.367748 0.378354 0.205301 0.162791
0 0.617809 0.364937 0.220818 0.153846
0 0.885178 0.374776 0.199333 0.245081
0 0.128429 0.618962 0.201720 0.214669
0 0.365361 0.620751 0.188590 0.196780
0 0.619003 0.622540 0.158750 0.211091
0 0.884581 0.644902 0.174267 0.194991
0 0.120074 0.860465 0.122942 0.221825
0 0.372522 0.879249 0.231560 0.141324
0 0.615422 0.883721 0.201720 0.203936
0 0.861902 0.891771 0.174267 0.202147