0 0.759742 0.746514 0.082034 0.111202
0 0.590033 0.795734 0.021534 0.052867
0 0.585162 0.757907 0.040505 0.026433
0 0.613874 0.639413 0.022047 0.042840
0 0.585418 0.600219 0.025636 0.030079
0 0.506973 0.560113 0.037941 0.033725
0 0.459034 0.566493 0.066140 0.099353
0 0.483388 0.618449 0.031788 0.050132
0 0.505178 0.643515 0.048708 0.034637
0 0.535941 0.672227 0.032301 0.055601
0 0.562346 0.653085 0.022559 0.053778
0 0.479543 0.686355 0.021021 0.052867
0 0.499282 0.688178 0.032814 0.051044
0 0.531327 0.719624 0.035377 0.046486
0 0.559526 0.733753 0.031276 0.060159