0 0.038909 0.609123 0.070423 0.101968
0 0.037657 0.508050 0.075314 0.100179
0 0.946649 0.448122 0.074004 0.101968
0 0.861306 0.443649 0.068036 0.089445
0 0.866677 0.608229 0.074004 0.089445
0 0.781931 0.458855 0.057293 0.091234
0 0.786705 0.614490 0.057293 0.101968
0 0.717476 0.466905 0.062068 0.103757
0 0.722250 0.593918 0.062068 0.082290
0 0.645859 0.587657 0.100263 0.116279
0 0.619600 0.459750 0.095489 0.107335
0 0.525901 0.467800 0.063261 0.101968
0 0.531869 0.595707 0.079972 0.110912
0 0.444736 0.606440 0.058487 0.118068
0 0.444139 0.467800 0.059680 0.109123
0 0.361780 0.483005 0.062068 0.096601
0 0.366554 0.617174 0.069229 0.107335
0 0.280615 0.494633 0.085940 0.105546
0 0.290760 0.610018 0.065649 0.103757
0 0.195868 0.494633 0.085940 0.094812
0 0.206014 0.609123 0.091908 0.094812
0 0.125445 0.505367 0.064455 0.094812