0 0.479717 0.436059 0.023585 0.036897
0 0.502358 0.438155 0.033962 0.039413
0 0.482075 0.390356 0.022642 0.029350
0 0.508255 0.347170 0.041981 0.033543
0 0.461557 0.342138 0.051415 0.077149
0 0.449057 0.380713 0.021698 0.028512
0 0.541274 0.460797 0.027830 0.046122
0 0.561792 0.464570 0.028302 0.033543
0 0.590330 0.486373 0.037264 0.023480
0 0.595283 0.506918 0.021698 0.046122
0 0.540094 0.420964 0.030189 0.028512
0 0.570047 0.412579 0.026887 0.048637
0 0.593160 0.375681 0.025943 0.030189
0 0.625943 0.399161 0.024528 0.036897
0 0.505660 0.403354 0.045283 0.025157