0 0.187736 0.172820 0.200472 0.214613
0 0.190684 0.363237 0.222877 0.254590
0 0.191863 0.551549 0.255896 0.298775
0 0.200708 0.827180 0.290094 0.286151
0 0.450118 0.761955 0.161557 0.273527
0 0.437736 0.494740 0.153302 0.244070
0 0.404127 0.281179 0.135613 0.178844
0 0.386439 0.112854 0.112028 0.183053
0 0.582193 0.102190 0.185142 0.204380
0 0.614033 0.246462 0.182783 0.269319
0 0.659434 0.444243 0.209906 0.340856
0 0.712500 0.692521 0.235849 0.403978
0 0.943514 0.546289 0.112972 0.397666
0 0.874057 0.343248 0.110849 0.361897
0 0.820991 0.175976 0.113208 0.309296
0 0.967689 0.172820 0.064622 0.328232
0 0.774410 0.092722 0.100236 0.185444