0 0.542284 0.552561 0.018531 0.029350
0 0.504212 0.575621 0.015162 0.026355
0 0.437837 0.543576 0.019879 0.016173
0 0.454009 0.541479 0.016509 0.031147
0 0.470856 0.489069 0.021226 0.036538
0 0.463949 0.513028 0.016173 0.025756
0 0.490566 0.435759 0.018194 0.025756
0 0.495115 0.459419 0.014488 0.041929
0 0.507918 0.459419 0.009771 0.052710
0 0.526449 0.438155 0.021226 0.042528
0 0.548518 0.411500 0.041105 0.056304
0 0.500337 0.501048 0.024259 0.042528
0 0.508255 0.522911 0.021226 0.021563
0 0.543801 0.504942 0.033019 0.029949
0 0.476247 0.554058 0.045485 0.073076